$ANSIBLE_VAULT;1.1;AES256
32373538306564623030343530663134313935323933343531343561626662303030643966336133
3637323830646162343763643732396266623637663537340a613139623038653365346339613133
38333131663939643538396236643363616162356234346636313034343238653633613738303361
3464343835306332310a396632346436366465343331343965643562383661643263316665376330
38653536353765323335333265363430336534393737336532663735626561313166376265643166
38376661346332386331363530363331666237366639616338623439663638343932356333653135
39326431623463346430643066653637616333376264303039313039666265393230656634376262
36663561336133633635313765333538323338626435386164346465646364383762306239653639
61333864363430663762313661313233303437393733303562623065323833643464626337626532
65363934353135623662303636393738333234323130653831646636623035303632653639353937
64616538616137313131393063353537393331356437326332333236643434303135323865336139
35386135353365373139393938653636353539363964663435396239636630646637653839393765
35626338643039656532646636623734383232313332303039306261333434623036613865636338
32323938393538316663356235333433616236303935646231613039393937633833366663353564
63383231623765383034613137303466356162323436343033626332373563356530316435356563
35613166653034333231373030643563636532336235343530613465326432386639336631326334
31366163343331313232326164633464306438343461356163616132646562643365633332653566
33666538666530343263653865636336316631663736616462376131343936646330323837626636
63356438643130393064343765306436346466366337303164613333356138653233363132633536
30306138396137633231313933613433663361646532343936366231393066643463316434323730
6534
